[0.00,
  0.00,-3.63,-8.41,49.87,
  -53.87,23.58,33.24,-26.97,
  -17.84,31.09,19.53,11.83,
  -0.71,10.68,26.11,-31.92,
  94.78,0.85,-4.47,31.45,
  -24.05,30.95,18.48,0.87,
  -13.14,33.12,-0.26,18.44,
  27.14,34.94,0.00,0.00
,0.00,0.00,0.00,0.00,0.00,0.00,0.00,0.00,0.00,0.00,0.00,0.00
,0.00,0.00,0.00]
"data":[0.00,-100.25,-136.54,-9.20,50.90,-53.23,24.89,33.79,-26.05,-17.10
,31.49,19.90,12.55,-0.22,10.41,27.88,-31.95,93.01,-20.65,-3.77,31.63
,-23.10,30.55,17.58,1.93,-12.03,32.77,1.14,18.02,26.52,35.71,0.00
,-206.82,0.00,0.00,0.00,0.00,0.00,0.00,0.00,0.00,0.00,0.00,0.00
,0.00,0.00,0.00,0.00]



"delta":[0.00,-116.14,-21.99,-27.62,31.51,-72.99,6.03,14.83,-44.90,-35.30
,13.46,2.12,-5.51,-18.08,-6.90,10.33,-48.71,76.51,-15.02,-21.89,14.27
,-41.24,12.42,-0.86,-17.27,-31.33,-7.68,-17.93,-0.49,8.02,-5.77,0.00
,-246.70,0.00,0.00,0.00,0.00,0.00,0.00,0.00,0.00,0.00,0.00,0.00
,0.00,0.00,0.00,0.00],


[0.00,13.49,-22.23,-27.70,31.13,-72.39,5.61,15.24,-44.81,-35.31,13.03
,1.82,-5.61,-17.89,-7.12,9.57,-47.67,76.55,-14.87,-20.96,14.72,-41.10
,13.11,-0.00,-16.20,-30.99,-7.49,-17.51,-0.08,8.68,-4.88,0.00,0.00
,0.00,0.00,0.00,0.00,0.00,0.00,0.00,0.00,0.00,0.00,0.00,0.00
,0.00,0.00,0.00]


"delta":[0.00,36.27,0.00,-28.06,31.11,-49.81,5.64,14.90,-44.85,-35.29,13.26
,1.90,-5.38,-17.99,-7.41,10.35,-48.47,76.32,-15.05,-21.67,14.36,-41.23
,12.67,-0.90,-17.11,-31.20,-7.76,-18.17,-0.39,8.10,17.67,0.00,-191.33
,0.00,0.00,0.00,0.00,0.00,0.00,0.00,0.00,0.00,0.00,0.00,0.00
,0.00,0.00,0.00],

[0.00,36.50,-22.23,-27.69,31.19,-72.41,5.57,15.35,-44.65,-35.37,13.39
,1.94,-5.42,-17.93,-6.97,10.09,-48.30,77.09,-14.98,-21.37,14.50,-41.06
,12.70,-0.23,-16.16,-31.01,-7.91,-17.85,-0.48,8.32,-5.33,0.00,-209.89
,0.00,0.00,0.00,0.00,0.00,0.00,0.00,0.00,0.00,0.00,0.00,0.00
,0.00,0.00,0.00]
